172.jpg 0 156 142 314
053.jpg 180 48 363 170
053.jpg 120 24 195 117
003.jpg 90 192 273 314
188.jpg 217 150 404 300
150.jpg 93 93 282 282
183.jpg 312 144 382 207
145.jpg 96 120 236 247
154.jpg 129 56 388 229
180.jpg 45 102 319 308
050.jpg 86 56 345 229
129.jpg 0 56 84 224
131.jpg 288 120 399 221
035.jpg 168 96 308 223
007.jpg 98 48 397 197
114.jpg 144 144 255 245
167.jpg 86 140 345 313
165.jpg 31 96 220 190
165.jpg 288 135 422 302
071.jpg 192 120 332 247
071.jpg 336 0 397 91
122.jpg 160 120 353 265
109.jpg 170 96 375 233
176.jpg 50 75 200 225
117.jpg 144 108 361 271
118.jpg 156 120 393 238
079.jpg 144 81 361 244
113.jpg 155 0 344 189
078.jpg 192 264 287 359
078.jpg 72 48 190 142
078.jpg 96 144 166 207
161.jpg 148 99 370 301
008.jpg 136 96 341 233
194.jpg 336 144 435 234
148.jpg 123 111 372 337
195.jpg 90 34 364 240
045.jpg 185 82 410 332
124.jpg 192 52 334 210
013.jpg 264 48 376 173
021.jpg 60 216 243 338
016.jpg 144 168 232 248
016.jpg 240 96 324 202
061.jpg 264 120 339 195
017.jpg 144 96 250 229
009.jpg 168 0 302 167
120.jpg 156 72 393 190
069.jpg 240 80 423 324
069.jpg 120 192 232 317
141.jpg 32 72 225 217
037.jpg 120 96 223 233
037.jpg 170 168 375 305
158.jpg 216 192 356 319
068.jpg 111 82 336 332
075.jpg 124 72 313 166
055.jpg 225 192 379 308
096.jpg 180 80 363 324
168.jpg 144 168 232 248
084.jpg 288 192 397 274
084.jpg 72 96 188 173
116.jpg 62 93 251 282
156.jpg 147 48 446 197
198.jpg 261 78 437 238
052.jpg 96 168 214 262
076.jpg 117 78 355 316
097.jpg 96 264 225 350
097.jpg 147 72 446 221
063.jpg 168 48 317 122
090.jpg 96 96 236 223
010.jpg 98 96 397 245
001.jpg 0 0 133 267
034.jpg 100 50 400 350
093.jpg 30 168 213 290
093.jpg 224 35 393 246
133.jpg 225 75 375 225
126.jpg 111 41 336 291
123.jpg 111 33 333 235
054.jpg 288 192 428 319
105.jpg 78 96 315 214
164.jpg 145 52 321 212
137.jpg 82 74 331 300
137.jpg 288 192 437 311
153.jpg 0 24 189 118
062.jpg 238 48 443 185
011.jpg 48 144 164 221
011.jpg 204 72 409 209
002.jpg 135 36 298 254
066.jpg 216 168 343 309
143.jpg 90 102 364 308
067.jpg 144 26 286 184
067.jpg 96 264 214 358
023.jpg 111 132 333 334
086.jpg 25 50 175 200
159.jpg 192 108 326 275
082.jpg 217 100 404 250
104.jpg 155 48 344 142
025.jpg 49 117 347 355
015.jpg 312 72 407 167
160.jpg 150 80 333 324
033.jpg 62 39 251 276
112.jpg 280 70 449 281
147.jpg 0 117 238 355
147.jpg 184 42 464 296
179.jpg 176 35 442 247
046.jpg 185 82 410 332
032.jpg 62 216 251 310
019.jpg 216 96 345 182
149.jpg 336 144 465 230
149.jpg 120 0 260 127
044.jpg 144 72 255 173
140.jpg 108 72 271 290
085.jpg 168 216 287 335
134.jpg 172 84 431 257
070.jpg 72 240 190 334
070.jpg 240 240 359 359
189.jpg 256 192 449 337
038.jpg 48 120 164 197
200.jpg 120 72 216 144
200.jpg 216 96 365 170
020.jpg 204 96 409 233
186.jpg 240 52 382 210
186.jpg 48 130 190 288
136.jpg 240 144 380 271
184.jpg 168 70 337 281
036.jpg 192 112 321 285
199.jpg 261 130 437 290
169.jpg 264 48 404 175
106.jpg 150 168 304 284
056.jpg 120 72 236 149
060.jpg 155 39 344 276
192.jpg 54 72 217 290
043.jpg 288 72 407 191
043.jpg 120 168 208 248
130.jpg 240 120 342 188
146.jpg 224 48 417 193
193.jpg 279 93 468 282
092.jpg 312 140 418 352
051.jpg 24 120 119 215
